R208_050
====================================================================================
customer quantity: 50
vehicle quantity: 25
vehicle capacity: 1000.0
cost per distance: 1
time per distance: 1
====================================================================================
feasible: True
solver runtime: 3600.052675008774
objective function value: 504.4887106807389
MIP gap: 0.10049583108308616
====================================================================================
|vehicle no.  |time         |node no.     |cargo        |X            |Y           
------------------------------------------------------------------------------------
|0            |0.0          |0            |305.0        |35.0         |35.0        
|0            |16.003       |6            |305.0        |25.0         |30.0        
|0            |26.003       |6            |302.0        |25.0         |30.0        
|0            |36.003       |5            |302.0        |15.0         |30.0        
|0            |46.003       |5            |276.0        |15.0         |30.0        
|0            |57.183       |18           |276.0        |20.0         |40.0        
|0            |67.183       |18           |264.0        |20.0         |40.0        
|0            |77.183       |7            |264.0        |20.0         |50.0        
|0            |87.183       |7            |259.0        |20.0         |50.0        
|0            |94.464       |48           |259.0        |13.0         |52.0        
|0            |104.464      |48           |223.0        |13.0         |52.0        
|0            |112.71       |19           |223.0        |15.0         |60.0        
|0            |122.71       |19           |206.0        |15.0         |60.0        
|0            |146.0        |11           |206.0        |20.0         |65.0        
|0            |156.0        |11           |194.0        |20.0         |65.0        
|0            |170.318      |49           |194.0        |6.0          |68.0        
|0            |180.318      |49           |164.0        |6.0          |68.0        
|0            |189.262      |36           |164.0        |2.0          |60.0        
|0            |199.262      |36           |159.0        |2.0          |60.0        
|0            |206.473      |47           |159.0        |8.0          |56.0        
|0            |216.473      |47           |132.0        |8.0          |56.0        
|0            |315.838      |46           |132.0        |2.0          |48.0        
|0            |325.838      |46           |131.0        |2.0          |48.0        
|0            |335.272      |8            |131.0        |10.0         |43.0        
|0            |345.272      |8            |122.0        |10.0         |43.0        
|0            |351.675      |45           |122.0        |6.0          |38.0        
|0            |361.675      |45           |106.0        |6.0          |38.0        
|0            |369.737      |17           |106.0        |5.0          |30.0        
|0            |379.737      |17           |104.0        |5.0          |30.0        
|0            |390.917      |16           |104.0        |10.0         |20.0        
|0            |400.917      |16           |85.0         |10.0         |20.0        
|0            |407.0        |44           |85.0         |11.0         |14.0        
|0            |417.0        |44           |67.0         |11.0         |14.0        
|0            |427.817      |38           |67.0         |5.0          |5.0         
|0            |437.817      |38           |51.0         |5.0          |5.0         
|0            |448.997      |14           |51.0         |15.0         |10.0        
|0            |458.997      |14           |31.0         |15.0         |10.0        
|0            |617.82       |37           |31.0         |20.0         |20.0        
|0            |627.82       |37           |23.0         |20.0         |20.0        
|0            |879.0        |13           |23.0         |30.0         |25.0        
|0            |889.0        |13           |0.0          |30.0         |25.0        
|0            |1000.0       |0            |0.0          |35.0         |35.0        
------------------------------------------------------------------------------------
|4            |0.0          |0            |209.0        |35.0         |35.0        
|4            |5.0          |27           |209.0        |35.0         |40.0        
|4            |15.0         |27           |193.0        |35.0         |40.0        
|4            |472.095      |31           |193.0        |31.0         |52.0        
|4            |482.095      |31           |166.0        |31.0         |52.0        
|4            |490.157      |10           |166.0        |30.0         |60.0        
|4            |500.157      |10           |150.0        |30.0         |60.0        
|4            |510.453      |32           |150.0        |35.0         |69.0        
|4            |520.453      |32           |127.0        |35.0         |69.0        
|4            |530.749      |30           |127.0        |40.0         |60.0        
|4            |540.749      |30           |106.0        |40.0         |60.0        
|4            |547.82       |20           |106.0        |45.0         |65.0        
|4            |557.82       |20           |97.0         |45.0         |65.0        
|4            |569.0        |9            |97.0         |55.0         |60.0        
|4            |579.0        |9            |81.0         |55.0         |60.0        
|4            |588.434      |35           |81.0         |63.0         |65.0        
|4            |598.434      |35           |73.0         |63.0         |65.0        
|4            |608.632      |34           |73.0         |65.0         |55.0        
|4            |618.632      |34           |59.0         |65.0         |55.0        
|4            |631.67       |29           |59.0         |64.0         |42.0        
|4            |641.67       |29           |50.0         |64.0         |42.0        
|4            |648.741      |24           |50.0         |65.0         |35.0        
|4            |658.741      |24           |47.0         |65.0         |35.0        
|4            |672.884      |3            |47.0         |55.0         |45.0        
|4            |682.884      |3            |34.0         |55.0         |45.0        
|4            |690.164      |33           |34.0         |53.0         |52.0        
|4            |700.164      |33           |23.0         |53.0         |52.0        
|4            |707.974      |50           |23.0         |47.0         |47.0        
|4            |717.974      |50           |10.0         |47.0         |47.0        
|4            |724.299      |1            |10.0         |41.0         |49.0        
|4            |734.299      |1            |0.0          |41.0         |49.0        
|4            |1000.0       |0            |0.0          |35.0         |35.0        
------------------------------------------------------------------------------------
|15           |0.0          |0            |207.0        |35.0         |35.0        
|15           |250.559      |40           |207.0        |40.0         |25.0        
|15           |260.559      |40           |198.0        |40.0         |25.0        
|15           |269.993      |2            |198.0        |35.0         |17.0        
|15           |279.993      |2            |191.0        |35.0         |17.0        
|15           |292.076      |42           |191.0        |24.0         |12.0        
|15           |302.076      |42           |186.0        |24.0         |12.0        
|15           |311.131      |43           |186.0        |23.0         |3.0         
|15           |321.131      |43           |179.0        |23.0         |3.0         
|15           |328.411      |15           |179.0        |30.0         |5.0         
|15           |338.411      |15           |171.0        |30.0         |5.0         
|15           |350.577      |41           |171.0        |42.0         |7.0         
|15           |360.577      |41           |166.0        |42.0         |7.0         
|15           |364.82       |22           |166.0        |45.0         |10.0        
|15           |374.82       |22           |148.0        |45.0         |10.0        
|15           |386.0        |23           |148.0        |55.0         |5.0         
|15           |396.0        |23           |119.0        |55.0         |5.0         
|15           |404.602      |39           |119.0        |60.0         |12.0        
|15           |414.602      |39           |88.0         |60.0         |12.0        
|15           |716.0        |25           |88.0         |65.0         |20.0        
|15           |726.0        |25           |82.0         |65.0         |20.0        
|15           |736.0        |4            |82.0         |55.0         |20.0        
|15           |746.0        |4            |63.0         |55.0         |20.0        
|15           |756.0        |21           |63.0         |45.0         |20.0        
|15           |766.0        |21           |52.0         |45.0         |20.0        
|15           |946.709      |26           |52.0         |45.0         |30.0        
|15           |956.709      |26           |35.0         |45.0         |30.0        
|15           |963.78       |12           |35.0         |50.0         |35.0        
|15           |973.78       |12           |16.0         |50.0         |35.0        
|15           |983.0        |28           |16.0         |41.0         |37.0        
|15           |993.0        |28           |0.0          |41.0         |37.0        
|15           |1000.0       |0            |0.0          |35.0         |35.0        
------------------------------------------------------------------------------------
