R106_050
====================================================================================
customer quantity: 50
vehicle quantity: 25
vehicle capacity: 200.0
cost per distance: 1
time per distance: 1
====================================================================================
feasible: True
solver runtime: 3600.0764660835266
objective function value: 795.2533710417921
MIP gap: 0.25900218819231996
====================================================================================
|vehicle no.  |time         |node no.     |cargo        |X            |Y           
------------------------------------------------------------------------------------
|3            |0.0          |0            |55.0         |35.0         |35.0        
|3            |16.971       |50           |55.0         |47.0         |47.0        
|3            |26.971       |50           |42.0         |47.0         |47.0        
|3            |57.0         |33           |42.0         |53.0         |52.0        
|3            |67.0         |33           |31.0         |53.0         |52.0        
|3            |83.0         |29           |31.0         |64.0         |42.0        
|3            |93.0         |29           |22.0         |64.0         |42.0        
|3            |143.0        |24           |22.0         |65.0         |35.0        
|3            |153.0        |24           |19.0         |65.0         |35.0        
|3            |168.0        |12           |19.0         |50.0         |35.0        
|3            |178.0        |12           |0.0          |50.0         |35.0        
|3            |230.0        |0            |0.0          |35.0         |35.0        
------------------------------------------------------------------------------------
|4            |0.0          |0            |116.0        |35.0         |35.0        
|4            |25.495       |42           |116.0        |24.0         |12.0        
|4            |35.495       |42           |111.0        |24.0         |12.0        
|4            |44.715       |14           |111.0        |15.0         |10.0        
|4            |54.715       |14           |91.0         |15.0         |10.0        
|4            |60.371       |44           |91.0         |11.0         |14.0        
|4            |70.371       |44           |73.0         |11.0         |14.0        
|4            |76.454       |16           |73.0         |10.0         |20.0        
|4            |86.454       |16           |54.0         |10.0         |20.0        
|4            |102.446      |38           |54.0         |5.0          |5.0         
|4            |112.446      |38           |38.0         |5.0          |5.0         
|4            |130.557      |43           |38.0         |23.0         |3.0         
|4            |140.557      |43           |31.0         |23.0         |3.0         
|4            |157.82       |37           |31.0         |20.0         |20.0        
|4            |167.82       |37           |23.0         |20.0         |20.0        
|4            |179.0        |13           |23.0         |30.0         |25.0        
|4            |189.0        |13           |0.0          |30.0         |25.0        
|4            |230.0        |0            |0.0          |35.0         |35.0        
------------------------------------------------------------------------------------
|6            |0.0          |0            |127.0        |35.0         |35.0        
|6            |27.803       |48           |127.0        |13.0         |52.0        
|6            |37.803       |48           |91.0         |13.0         |52.0        
|6            |53.789       |47           |91.0         |8.0          |56.0        
|6            |63.789       |47           |64.0         |8.0          |56.0        
|6            |71.0         |36           |64.0         |2.0          |60.0        
|6            |81.0         |36           |59.0         |2.0          |60.0        
|6            |106.604      |49           |59.0         |6.0          |68.0        
|6            |116.604      |49           |29.0         |6.0          |68.0        
|6            |137.0        |46           |29.0         |2.0          |48.0        
|6            |147.0        |46           |28.0         |2.0          |48.0        
|6            |177.0        |17           |28.0         |5.0          |30.0        
|6            |187.0        |17           |26.0         |5.0          |30.0        
|6            |199.0        |5            |26.0         |15.0         |30.0        
|6            |209.0        |5            |0.0          |15.0         |30.0        
|6            |230.0        |0            |0.0          |35.0         |35.0        
------------------------------------------------------------------------------------
|17           |0.0          |0            |136.0        |35.0         |35.0        
|17           |18.245       |21           |136.0        |45.0         |20.0        
|17           |28.245       |21           |125.0        |45.0         |20.0        
|17           |45.245       |39           |125.0        |60.0         |12.0        
|17           |55.245       |39           |94.0         |60.0         |12.0        
|17           |63.847       |23           |94.0         |55.0         |5.0         
|17           |73.847       |23           |65.0         |55.0         |5.0         
|17           |87.0         |41           |65.0         |42.0         |7.0         
|17           |97.0         |41           |60.0         |42.0         |7.0         
|17           |101.243      |22           |60.0         |45.0         |10.0        
|17           |111.243      |22           |42.0         |45.0         |10.0        
|17           |145.385      |4            |42.0         |55.0         |20.0        
|17           |155.385      |4            |23.0         |55.0         |20.0        
|17           |165.385      |25           |23.0         |65.0         |20.0        
|17           |175.385      |25           |17.0         |65.0         |20.0        
|17           |208.0        |26           |17.0         |45.0         |30.0        
|17           |218.0        |26           |0.0          |45.0         |30.0        
|17           |230.0        |0            |0.0          |35.0         |35.0        
------------------------------------------------------------------------------------
|18           |0.0          |0            |109.0        |35.0         |35.0        
|18           |21.213       |7            |109.0        |20.0         |50.0        
|18           |31.213       |7            |104.0        |20.0         |50.0        
|18           |66.0         |19           |104.0        |15.0         |60.0        
|18           |76.0         |19           |87.0         |15.0         |60.0        
|18           |87.0         |11           |87.0         |20.0         |65.0        
|18           |97.0         |11           |75.0         |20.0         |65.0        
|18           |114.0        |10           |75.0         |30.0         |60.0        
|18           |124.0        |10           |59.0         |30.0         |60.0        
|18           |140.23       |20           |59.0         |45.0         |65.0        
|18           |150.23       |20           |50.0         |45.0         |65.0        
|18           |161.0        |32           |50.0         |35.0         |69.0        
|18           |171.0        |32           |27.0         |35.0         |69.0        
|18           |188.464      |31           |27.0         |31.0         |52.0        
|18           |198.464      |31           |0.0          |31.0         |52.0        
|18           |230.0        |0            |0.0          |35.0         |35.0        
------------------------------------------------------------------------------------
|22           |0.0          |0            |37.0         |35.0         |35.0        
|22           |29.155       |45           |37.0         |6.0          |38.0        
|22           |39.155       |45           |21.0         |6.0          |38.0        
|22           |86.56        |8            |21.0         |10.0         |43.0        
|22           |96.56        |8            |12.0         |10.0         |43.0        
|22           |107.0        |18           |12.0         |20.0         |40.0        
|22           |117.0        |18           |0.0          |20.0         |40.0        
|22           |230.0        |0            |0.0          |35.0         |35.0        
------------------------------------------------------------------------------------
|23           |0.0          |0            |114.0        |35.0         |35.0        
|23           |27.0         |27           |114.0        |35.0         |40.0        
|23           |37.0         |27           |98.0         |35.0         |40.0        
|23           |47.955       |28           |98.0         |41.0         |37.0        
|23           |57.955       |28           |82.0         |41.0         |37.0        
|23           |69.955       |1            |82.0         |41.0         |49.0        
|23           |79.955       |1            |72.0         |41.0         |49.0        
|23           |91.0         |30           |72.0         |40.0         |60.0        
|23           |101.0        |30           |51.0         |40.0         |60.0        
|23           |117.0        |9            |51.0         |55.0         |60.0        
|23           |127.0        |9            |35.0         |55.0         |60.0        
|23           |152.66       |35           |35.0         |63.0         |65.0        
|23           |162.66       |35           |27.0         |63.0         |65.0        
|23           |172.858      |34           |27.0         |65.0         |55.0        
|23           |182.858      |34           |13.0         |65.0         |55.0        
|23           |197.0        |3            |13.0         |55.0         |45.0        
|23           |207.0        |3            |0.0          |55.0         |45.0        
|23           |230.0        |0            |0.0          |35.0         |35.0        
------------------------------------------------------------------------------------
|24           |0.0          |0            |27.0         |35.0         |35.0        
|24           |36.303       |2            |27.0         |35.0         |17.0        
|24           |46.303       |2            |20.0         |35.0         |17.0        
|24           |59.303       |15           |20.0         |30.0         |5.0         
|24           |69.303       |15           |12.0         |30.0         |5.0         
|24           |91.663       |40           |12.0         |40.0         |25.0        
|24           |101.663      |40           |3.0          |40.0         |25.0        
|24           |117.475      |6            |3.0          |25.0         |30.0        
|24           |127.475      |6            |0.0          |25.0         |30.0        
|24           |230.0        |0            |0.0          |35.0         |35.0        
------------------------------------------------------------------------------------
