RC207_050
====================================================================================
customer quantity: 50
vehicle quantity: 25
vehicle capacity: 1000.0
cost per distance: 1.0
time per distance: 1.0
====================================================================================
feasible: True
solver runtime: 3600.0451760292053
objective function value: 563.7375156836292
MIP gap: 0.5520076125984651
====================================================================================
|vehicle no.  |time         |node no.     |cargo        |X            |Y           
------------------------------------------------------------------------------------
|4            |0.0          |0            |190.0        |40.0         |50.0        
|4            |254.0        |2            |190.0        |22.0         |75.0        
|4            |264.0        |2            |160.0        |22.0         |75.0        
|4            |268.0        |6            |160.0        |18.0         |75.0        
|4            |278.0        |6            |140.0        |18.0         |75.0        
|4            |281.0        |7            |140.0        |15.0         |75.0        
|4            |291.0        |7            |120.0        |15.0         |75.0        
|4            |296.0        |8            |120.0        |15.0         |80.0        
|4            |306.0        |8            |110.0        |15.0         |80.0        
|4            |313.071      |5            |110.0        |20.0         |85.0        
|4            |323.071      |5            |90.0         |20.0         |85.0        
|4            |473.0        |3            |90.0         |22.0         |85.0        
|4            |483.0        |3            |80.0         |22.0         |85.0        
|4            |591.0        |1            |80.0         |25.0         |85.0        
|4            |601.0        |1            |60.0         |25.0         |85.0        
|4            |606.831      |45           |60.0         |20.0         |82.0        
|4            |616.831      |45           |50.0         |20.0         |82.0        
|4            |619.659      |46           |50.0         |18.0         |80.0        
|4            |629.659      |46           |40.0         |18.0         |80.0        
|4            |631.659      |4            |40.0         |20.0         |80.0        
|4            |641.659      |4            |0.0          |20.0         |80.0        
|4            |959.311      |0            |0.0          |40.0         |50.0        
------------------------------------------------------------------------------------
|11           |0.0          |0            |200.0        |40.0         |50.0        
|11           |166.0        |12           |200.0        |8.0          |45.0        
|11           |176.0        |12           |180.0        |8.0          |45.0        
|11           |179.0        |14           |180.0        |5.0          |45.0        
|11           |189.0        |14           |170.0        |5.0          |45.0        
|11           |192.0        |47           |170.0        |2.0          |45.0        
|11           |202.0        |47           |160.0        |2.0          |45.0        
|11           |359.0        |17           |160.0        |0.0          |45.0        
|11           |369.0        |17           |140.0        |0.0          |45.0        
|11           |374.0        |16           |140.0        |0.0          |40.0        
|11           |384.0        |16           |120.0        |0.0          |40.0        
|11           |386.0        |15           |120.0        |2.0          |40.0        
|11           |396.0        |15           |100.0        |2.0          |40.0        
|11           |401.831      |13           |100.0        |5.0          |35.0        
|11           |411.831      |13           |90.0         |5.0          |35.0        
|11           |494.615      |9            |90.0         |10.0         |35.0        
|11           |504.615      |9            |70.0         |10.0         |35.0        
|11           |510.0        |11           |70.0         |8.0          |40.0        
|11           |520.0        |11           |30.0         |8.0          |40.0        
|11           |687.0        |10           |30.0         |10.0         |40.0        
|11           |697.0        |10           |0.0          |10.0         |40.0        
|11           |959.311      |0            |0.0          |40.0         |50.0        
------------------------------------------------------------------------------------
|14           |0.0          |0            |200.0        |40.0         |50.0        
|14           |326.82       |22           |200.0        |40.0         |15.0        
|14           |336.82       |22           |160.0        |40.0         |15.0        
|14           |348.0        |25           |160.0        |35.0         |5.0         
|14           |358.0        |25           |140.0        |35.0         |5.0         
|14           |361.0        |23           |140.0        |38.0         |5.0         
|14           |371.0        |23           |110.0        |38.0         |5.0         
|14           |391.0        |21           |110.0        |40.0         |5.0         
|14           |401.0        |21           |100.0        |40.0         |5.0         
|14           |411.0        |19           |100.0        |42.0         |10.0        
|14           |421.0        |19           |60.0         |42.0         |10.0        
|14           |423.0        |49           |60.0         |42.0         |12.0        
|14           |433.0        |49           |50.0         |42.0         |12.0        
|14           |451.0        |18           |50.0         |44.0         |5.0         
|14           |461.0        |18           |30.0         |44.0         |5.0         
|14           |636.0        |48           |30.0         |42.0         |5.0         
|14           |646.0        |48           |20.0         |42.0         |5.0         
|14           |656.0        |20           |20.0         |42.0         |15.0        
|14           |666.0        |20           |10.0         |42.0         |15.0        
|14           |749.63       |24           |10.0         |38.0         |15.0        
|14           |759.63       |24           |0.0          |38.0         |15.0        
|14           |959.311      |0            |0.0          |40.0         |50.0        
------------------------------------------------------------------------------------
|18           |0.0          |0            |200.0        |40.0         |50.0        
|18           |207.0        |41           |200.0        |58.0         |75.0        
|18           |217.0        |41           |180.0        |58.0         |75.0        
|18           |222.831      |42           |180.0        |55.0         |80.0        
|18           |232.831      |42           |170.0        |55.0         |80.0        
|18           |234.831      |44           |170.0        |55.0         |82.0        
|18           |244.831      |44           |160.0        |55.0         |82.0        
|18           |250.662      |40           |160.0        |60.0         |85.0        
|18           |260.662      |40           |130.0        |60.0         |85.0        
|18           |265.662      |36           |130.0        |65.0         |85.0        
|18           |275.662      |36           |90.0         |65.0         |85.0        
|18           |516.789      |35           |90.0         |67.0         |85.0        
|18           |526.789      |35           |70.0         |67.0         |85.0        
|18           |530.394      |37           |70.0         |65.0         |82.0        
|18           |540.394      |37           |60.0         |65.0         |82.0        
|18           |544.0        |38           |60.0         |62.0         |80.0        
|18           |554.0        |38           |30.0         |62.0         |80.0        
|18           |700.929      |39           |30.0         |60.0         |80.0        
|18           |710.929      |39           |20.0         |60.0         |80.0        
|18           |718.0        |43           |20.0         |55.0         |85.0        
|18           |728.0        |43           |0.0          |55.0         |85.0        
|18           |959.311      |0            |0.0          |40.0         |50.0        
------------------------------------------------------------------------------------
|24           |0.0          |0            |180.0        |40.0         |50.0        
|24           |102.0        |31           |180.0        |88.0         |35.0        
|24           |112.0        |31           |160.0        |88.0         |35.0        
|24           |131.0        |29           |160.0        |90.0         |35.0        
|24           |141.0        |29           |150.0        |90.0         |35.0        
|24           |146.385      |30           |150.0        |88.0         |30.0        
|24           |156.385      |30           |140.0        |88.0         |30.0        
|24           |160.385      |28           |140.0        |92.0         |30.0        
|24           |170.385      |28           |130.0        |92.0         |30.0        
|24           |509.0        |26           |130.0        |95.0         |30.0        
|24           |519.0        |26           |100.0        |95.0         |30.0        
|24           |524.0        |27           |100.0        |95.0         |35.0        
|24           |534.0        |27           |80.0         |95.0         |35.0        
|24           |544.0        |34           |80.0         |85.0         |35.0        
|24           |554.0        |34           |50.0         |85.0         |35.0        
|24           |564.0        |32           |50.0         |87.0         |30.0        
|24           |574.0        |32           |40.0         |87.0         |30.0        
|24           |635.599      |33           |40.0         |85.0         |25.0        
|24           |645.599      |33           |30.0         |85.0         |25.0        
|24           |662.0        |50           |30.0         |72.0         |35.0        
|24           |672.0        |50           |0.0          |72.0         |35.0        
|24           |959.311      |0            |0.0          |40.0         |50.0        
------------------------------------------------------------------------------------
