RC203_050
====================================================================================
customer quantity: 50
vehicle quantity: 25
vehicle capacity: 1000.0
cost per distance: 1.0
time per distance: 1.0
====================================================================================
feasible: True
solver runtime: 3600.096642971039
objective function value: 595.7194523687659
MIP gap: 0.5418171483848048
====================================================================================
|vehicle no.  |time         |node no.     |cargo        |X            |Y           
------------------------------------------------------------------------------------
|0            |0.0          |0            |180.0        |40.0         |50.0        
|0            |47.434       |34           |180.0        |85.0         |35.0        
|0            |57.434       |34           |150.0        |85.0         |35.0        
|0            |126.398      |31           |150.0        |88.0         |35.0        
|0            |136.398      |31           |130.0        |88.0         |35.0        
|0            |138.398      |29           |130.0        |90.0         |35.0        
|0            |148.398      |29           |120.0        |90.0         |35.0        
|0            |153.398      |27           |120.0        |95.0         |35.0        
|0            |163.398      |27           |100.0        |95.0         |35.0        
|0            |168.398      |26           |100.0        |95.0         |30.0        
|0            |178.398      |26           |70.0         |95.0         |30.0        
|0            |181.398      |28           |70.0         |92.0         |30.0        
|0            |191.398      |28           |60.0         |92.0         |30.0        
|0            |200.0        |33           |60.0         |85.0         |25.0        
|0            |210.0        |33           |50.0         |85.0         |25.0        
|0            |246.0        |30           |50.0         |88.0         |30.0        
|0            |256.0        |30           |40.0         |88.0         |30.0        
|0            |257.0        |32           |40.0         |87.0         |30.0        
|0            |267.0        |32           |30.0         |87.0         |30.0        
|0            |914.0        |50           |30.0         |72.0         |35.0        
|0            |924.0        |50           |0.0          |72.0         |35.0        
|0            |960.0        |0            |0.0          |40.0         |50.0        
------------------------------------------------------------------------------------
|4            |0.0          |0            |190.0        |40.0         |50.0        
|4            |38.079       |1            |190.0        |25.0         |85.0        
|4            |48.079       |1            |170.0        |25.0         |85.0        
|4            |51.079       |3            |170.0        |22.0         |85.0        
|4            |61.079       |3            |160.0        |22.0         |85.0        
|4            |63.079       |5            |160.0        |20.0         |85.0        
|4            |73.079       |5            |140.0        |20.0         |85.0        
|4            |76.079       |45           |140.0        |20.0         |82.0        
|4            |86.079       |45           |130.0        |20.0         |82.0        
|4            |354.0        |46           |130.0        |18.0         |80.0        
|4            |364.0        |46           |120.0        |18.0         |80.0        
|4            |367.0        |8            |120.0        |15.0         |80.0        
|4            |377.0        |8            |110.0        |15.0         |80.0        
|4            |382.0        |7            |110.0        |15.0         |75.0        
|4            |392.0        |7            |90.0         |15.0         |75.0        
|4            |395.0        |6            |90.0         |18.0         |75.0        
|4            |405.0        |6            |70.0         |18.0         |75.0        
|4            |644.0        |4            |70.0         |20.0         |80.0        
|4            |654.0        |4            |30.0         |20.0         |80.0        
|4            |798.071      |2            |30.0         |22.0         |75.0        
|4            |808.071      |2            |0.0          |22.0         |75.0        
|4            |960.0        |0            |0.0          |40.0         |50.0        
------------------------------------------------------------------------------------
|10           |0.0          |0            |200.0        |40.0         |50.0        
|10           |49.0         |42           |200.0        |55.0         |80.0        
|10           |59.0         |42           |190.0        |55.0         |80.0        
|10           |64.0         |39           |190.0        |60.0         |80.0        
|10           |74.0         |39           |180.0        |60.0         |80.0        
|10           |163.0        |36           |180.0        |65.0         |85.0        
|10           |173.0        |36           |140.0        |65.0         |85.0        
|10           |183.0        |43           |140.0        |55.0         |85.0        
|10           |193.0        |43           |120.0        |55.0         |85.0        
|10           |313.169      |44           |120.0        |55.0         |82.0        
|10           |323.169      |44           |110.0        |55.0         |82.0        
|10           |376.0        |41           |110.0        |58.0         |75.0        
|10           |386.0        |41           |90.0         |58.0         |75.0        
|10           |398.0        |38           |90.0         |62.0         |80.0        
|10           |408.0        |38           |60.0         |62.0         |80.0        
|10           |413.385      |40           |60.0         |60.0         |85.0        
|10           |423.385      |40           |30.0         |60.0         |85.0        
|10           |657.0        |35           |30.0         |67.0         |85.0        
|10           |667.0        |35           |10.0         |67.0         |85.0        
|10           |790.606      |37           |10.0         |65.0         |82.0        
|10           |800.606      |37           |0.0          |65.0         |82.0        
|10           |960.0        |0            |0.0          |40.0         |50.0        
------------------------------------------------------------------------------------
|11           |0.0          |0            |200.0        |40.0         |50.0        
|11           |195.0        |11           |200.0        |8.0          |40.0        
|11           |205.0        |11           |160.0        |8.0          |40.0        
|11           |294.0        |15           |160.0        |2.0          |40.0        
|11           |304.0        |15           |140.0        |2.0          |40.0        
|11           |371.0        |9            |140.0        |10.0         |35.0        
|11           |381.0        |9            |120.0        |10.0         |35.0        
|11           |519.0        |10           |120.0        |10.0         |40.0        
|11           |529.0        |10           |90.0         |10.0         |40.0        
|11           |653.0        |13           |90.0         |5.0          |35.0        
|11           |663.0        |13           |80.0         |5.0          |35.0        
|11           |688.0        |16           |80.0         |0.0          |40.0        
|11           |698.0        |16           |60.0         |0.0          |40.0        
|11           |703.0        |17           |60.0         |0.0          |45.0        
|11           |713.0        |17           |40.0         |0.0          |45.0        
|11           |715.0        |47           |40.0         |2.0          |45.0        
|11           |725.0        |47           |30.0         |2.0          |45.0        
|11           |904.0        |14           |30.0         |5.0          |45.0        
|11           |914.0        |14           |20.0         |5.0          |45.0        
|11           |917.0        |12           |20.0         |8.0          |45.0        
|11           |927.0        |12           |0.0          |8.0          |45.0        
|11           |960.0        |0            |0.0          |40.0         |50.0        
------------------------------------------------------------------------------------
|21           |0.0          |0            |200.0        |40.0         |50.0        
|21           |35.057       |20           |200.0        |42.0         |15.0        
|21           |45.057       |20           |190.0        |42.0         |15.0        
|21           |201.0        |23           |190.0        |38.0         |5.0         
|21           |211.0        |23           |160.0        |38.0         |5.0         
|21           |213.0        |21           |160.0        |40.0         |5.0         
|21           |223.0        |21           |150.0        |40.0         |5.0         
|21           |225.0        |48           |150.0        |42.0         |5.0         
|21           |235.0        |48           |140.0        |42.0         |5.0         
|21           |454.009      |18           |140.0        |44.0         |5.0         
|21           |464.009      |18           |120.0        |44.0         |5.0         
|21           |469.394      |19           |120.0        |42.0         |10.0        
|21           |479.394      |19           |80.0         |42.0         |10.0        
|21           |481.394      |49           |80.0         |42.0         |12.0        
|21           |491.394      |49           |70.0         |42.0         |12.0        
|21           |495.0        |22           |70.0         |40.0         |15.0        
|21           |505.0        |22           |30.0         |40.0         |15.0        
|21           |784.0        |25           |30.0         |35.0         |5.0         
|21           |794.0        |25           |10.0         |35.0         |5.0         
|21           |914.0        |24           |10.0         |38.0         |15.0        
|21           |924.0        |24           |0.0          |38.0         |15.0        
|21           |960.0        |0            |0.0          |40.0         |50.0        
------------------------------------------------------------------------------------
