RC102_050
====================================================================================
customer quantity: 50
vehicle quantity: 25
vehicle capacity: 200.0
cost per distance: 1.0
time per distance: 1.0
====================================================================================
feasible: True
solver runtime: 3600.0909180641174
objective function value: 840.2744165153539
MIP gap: 0.5081090397406129
====================================================================================
|vehicle no.  |time         |node no.     |cargo        |X            |Y           
------------------------------------------------------------------------------------
|1            |0.0          |0            |60.0         |40.0         |50.0        
|1            |92.0         |22           |60.0         |40.0         |15.0        
|1            |102.0        |22           |20.0         |40.0         |15.0        
|1            |105.606      |49           |20.0         |42.0         |12.0        
|1            |115.606      |49           |10.0         |42.0         |12.0        
|1            |152.0        |20           |10.0         |42.0         |15.0        
|1            |162.0        |20           |0.0          |42.0         |15.0        
|1            |240.0        |0            |0.0          |40.0         |50.0        
------------------------------------------------------------------------------------
|3            |0.0          |0            |140.0        |40.0         |50.0        
|3            |72.0         |19           |140.0        |42.0         |10.0        
|3            |82.0         |19           |100.0        |42.0         |10.0        
|3            |88.403       |23           |100.0        |38.0         |5.0         
|3            |98.403       |23           |70.0         |38.0         |5.0         
|3            |104.403      |18           |70.0         |44.0         |5.0         
|3            |114.403      |18           |50.0         |44.0         |5.0         
|3            |116.403      |48           |50.0         |42.0         |5.0         
|3            |126.403      |48           |40.0         |42.0         |5.0         
|3            |142.56       |21           |40.0         |40.0         |5.0         
|3            |152.56       |21           |30.0         |40.0         |5.0         
|3            |157.56       |25           |30.0         |35.0         |5.0         
|3            |167.56       |25           |10.0         |35.0         |5.0         
|3            |178.0        |24           |10.0         |38.0         |15.0        
|3            |188.0        |24           |0.0          |38.0         |15.0        
|3            |240.0        |0            |0.0          |40.0         |50.0        
------------------------------------------------------------------------------------
|4            |0.0          |0            |100.0        |40.0         |50.0        
|4            |51.478       |33           |100.0        |85.0         |25.0        
|4            |61.478       |33           |90.0         |85.0         |25.0        
|4            |72.658       |26           |90.0         |95.0         |30.0        
|4            |82.658       |26           |60.0         |95.0         |30.0        
|4            |85.658       |28           |60.0         |92.0         |30.0        
|4            |95.658       |28           |50.0         |92.0         |30.0        
|4            |99.658       |30           |50.0         |88.0         |30.0        
|4            |109.658      |30           |40.0         |88.0         |30.0        
|4            |131.0        |32           |40.0         |87.0         |30.0        
|4            |141.0        |32           |30.0         |87.0         |30.0        
|4            |194.0        |50           |30.0         |72.0         |35.0        
|4            |204.0        |50           |0.0          |72.0         |35.0        
|4            |240.0        |0            |0.0          |40.0         |50.0        
------------------------------------------------------------------------------------
|9            |0.0          |0            |70.0         |40.0         |50.0        
|9            |33.541       |42           |70.0         |55.0         |80.0        
|9            |43.541       |42           |60.0         |55.0         |80.0        
|9            |94.0         |44           |60.0         |55.0         |82.0        
|9            |104.0        |44           |50.0         |55.0         |82.0        
|9            |128.0        |43           |50.0         |55.0         |85.0        
|9            |138.0        |43           |30.0         |55.0         |85.0        
|9            |150.0        |35           |30.0         |67.0         |85.0        
|9            |160.0        |35           |10.0         |67.0         |85.0        
|9            |189.0        |37           |10.0         |65.0         |82.0        
|9            |199.0        |37           |0.0          |65.0         |82.0        
|9            |240.0        |0            |0.0          |40.0         |50.0        
------------------------------------------------------------------------------------
|10           |0.0          |0            |130.0        |40.0         |50.0        
|10           |52.929       |39           |130.0        |60.0         |80.0        
|10           |62.929       |39           |120.0        |60.0         |80.0        
|10           |70.0         |36           |120.0        |65.0         |85.0        
|10           |80.0         |36           |80.0         |65.0         |85.0        
|10           |85.0         |40           |80.0         |60.0         |85.0        
|10           |95.0         |40           |50.0         |60.0         |85.0        
|10           |100.385      |38           |50.0         |62.0         |80.0        
|10           |110.385      |38           |20.0         |62.0         |80.0        
|10           |116.788      |41           |20.0         |58.0         |75.0        
|10           |126.788      |41           |0.0          |58.0         |75.0        
|10           |240.0        |0            |0.0          |40.0         |50.0        
------------------------------------------------------------------------------------
|18           |0.0          |0            |200.0        |40.0         |50.0        
|18           |35.355       |14           |200.0        |5.0          |45.0        
|18           |45.355       |14           |190.0        |5.0          |45.0        
|18           |48.355       |47           |190.0        |2.0          |45.0        
|18           |58.355       |47           |180.0        |2.0          |45.0        
|18           |66.166       |11           |180.0        |8.0          |40.0        
|18           |76.166       |11           |140.0        |8.0          |40.0        
|18           |82.166       |15           |140.0        |2.0          |40.0        
|18           |92.166       |15           |120.0        |2.0          |40.0        
|18           |94.166       |16           |120.0        |0.0          |40.0        
|18           |104.166      |16           |100.0        |0.0          |40.0        
|18           |115.346      |9            |100.0        |10.0         |35.0        
|18           |125.346      |9            |80.0         |10.0         |35.0        
|18           |130.346      |10           |80.0         |10.0         |40.0        
|18           |140.346      |10           |50.0         |10.0         |40.0        
|18           |147.417      |13           |50.0         |5.0          |35.0        
|18           |157.417      |13           |40.0         |5.0          |35.0        
|18           |168.597      |17           |40.0         |0.0          |45.0        
|18           |178.597      |17           |20.0         |0.0          |45.0        
|18           |186.597      |12           |20.0         |8.0          |45.0        
|18           |196.597      |12           |0.0          |8.0          |45.0        
|18           |240.0        |0            |0.0          |40.0         |50.0        
------------------------------------------------------------------------------------
|19           |0.0          |0            |80.0         |40.0         |50.0        
|19           |62.0         |27           |80.0         |95.0         |35.0        
|19           |72.0         |27           |60.0         |95.0         |35.0        
|19           |77.0         |29           |60.0         |90.0         |35.0        
|19           |87.0         |29           |50.0         |90.0         |35.0        
|19           |169.0        |31           |50.0         |88.0         |35.0        
|19           |179.0        |31           |30.0         |88.0         |35.0        
|19           |182.0        |34           |30.0         |85.0         |35.0        
|19           |192.0        |34           |0.0          |85.0         |35.0        
|19           |240.0        |0            |0.0          |40.0         |50.0        
------------------------------------------------------------------------------------
|21           |0.0          |0            |190.0        |40.0         |50.0        
|21           |38.079       |1            |190.0        |25.0         |85.0        
|21           |48.079       |1            |170.0        |25.0         |85.0        
|21           |51.079       |3            |170.0        |22.0         |85.0        
|21           |61.079       |3            |160.0        |22.0         |85.0        
|21           |64.684       |45           |160.0        |20.0         |82.0        
|21           |74.684       |45           |150.0        |20.0         |82.0        
|21           |77.684       |5            |150.0        |20.0         |85.0        
|21           |87.684       |5            |130.0        |20.0         |85.0        
|21           |94.755       |8            |130.0        |15.0         |80.0        
|21           |104.755      |8            |120.0        |15.0         |80.0        
|21           |109.755      |7            |120.0        |15.0         |75.0        
|21           |119.755      |7            |100.0        |15.0         |75.0        
|21           |122.755      |6            |100.0        |18.0         |75.0        
|21           |132.755      |6            |80.0         |18.0         |75.0        
|21           |137.755      |46           |80.0         |18.0         |80.0        
|21           |147.755      |46           |70.0         |18.0         |80.0        
|21           |149.755      |4            |70.0         |20.0         |80.0        
|21           |159.755      |4            |30.0         |20.0         |80.0        
|21           |165.141      |2            |30.0         |22.0         |75.0        
|21           |175.141      |2            |0.0          |22.0         |75.0        
|21           |240.0        |0            |0.0          |40.0         |50.0        
------------------------------------------------------------------------------------
