RC205_050
====================================================================================
customer quantity: 50
vehicle quantity: 25
vehicle capacity: 1000.0
cost per distance: 1.0
time per distance: 1.0
====================================================================================
feasible: True
solver runtime: 3600.046247959137
objective function value: 631.9801869236733
MIP gap: 0.3085523504431587
====================================================================================
|vehicle no.  |time         |node no.     |cargo        |X            |Y           
------------------------------------------------------------------------------------
|11           |0.0          |0            |190.0        |40.0         |50.0        
|11           |159.72       |2            |190.0        |22.0         |75.0        
|11           |169.72       |2            |160.0        |22.0         |75.0        
|11           |177.0        |45           |160.0        |20.0         |82.0        
|11           |187.0        |45           |150.0        |20.0         |82.0        
|11           |190.0        |5            |150.0        |20.0         |85.0        
|11           |200.0        |5            |130.0        |20.0         |85.0        
|11           |378.398      |3            |130.0        |22.0         |85.0        
|11           |388.398      |3            |120.0        |22.0         |85.0        
|11           |431.0        |1            |120.0        |25.0         |85.0        
|11           |441.0        |1            |100.0        |25.0         |85.0        
|11           |457.0        |8            |100.0        |15.0         |80.0        
|11           |467.0        |8            |90.0         |15.0         |80.0        
|11           |472.0        |7            |90.0         |15.0         |75.0        
|11           |482.0        |7            |70.0         |15.0         |75.0        
|11           |485.0        |6            |70.0         |18.0         |75.0        
|11           |495.0        |6            |50.0         |18.0         |75.0        
|11           |500.0        |46           |50.0         |18.0         |80.0        
|11           |510.0        |46           |40.0         |18.0         |80.0        
|11           |674.0        |4            |40.0         |20.0         |80.0        
|11           |684.0        |4            |0.0          |20.0         |80.0        
|11           |959.079      |0            |0.0          |40.0         |50.0        
------------------------------------------------------------------------------------
|14           |0.0          |0            |200.0        |40.0         |50.0        
|14           |33.541       |42           |200.0        |55.0         |80.0        
|14           |43.541       |42           |190.0        |55.0         |80.0        
|14           |48.541       |39           |190.0        |60.0         |80.0        
|14           |58.541       |39           |180.0        |60.0         |80.0        
|14           |65.612       |36           |180.0        |65.0         |85.0        
|14           |75.612       |36           |140.0        |65.0         |85.0        
|14           |307.0        |44           |140.0        |55.0         |82.0        
|14           |317.0        |44           |130.0        |55.0         |82.0        
|14           |352.615      |40           |130.0        |60.0         |85.0        
|14           |362.615      |40           |100.0        |60.0         |85.0        
|14           |368.0        |38           |100.0        |62.0         |80.0        
|14           |378.0        |38           |70.0         |62.0         |80.0        
|14           |494.0        |41           |70.0         |58.0         |75.0        
|14           |504.0        |41           |50.0         |58.0         |75.0        
|14           |700.394      |37           |50.0         |65.0         |82.0        
|14           |710.394      |37           |40.0         |65.0         |82.0        
|14           |714.0        |35           |40.0         |67.0         |85.0        
|14           |724.0        |35           |20.0         |67.0         |85.0        
|14           |736.0        |43           |20.0         |55.0         |85.0        
|14           |746.0        |43           |0.0          |55.0         |85.0        
|14           |959.079      |0            |0.0          |40.0         |50.0        
------------------------------------------------------------------------------------
|15           |0.0          |0            |200.0        |40.0         |50.0        
|15           |199.0        |19           |200.0        |42.0         |10.0        
|15           |209.0        |19           |160.0        |42.0         |10.0        
|15           |231.0        |23           |160.0        |38.0         |5.0         
|15           |241.0        |23           |130.0        |38.0         |5.0         
|15           |418.72       |21           |130.0        |40.0         |5.0         
|15           |428.72       |21           |120.0        |40.0         |5.0         
|15           |430.72       |48           |120.0        |42.0         |5.0         
|15           |440.72       |48           |110.0        |42.0         |5.0         
|15           |442.72       |18           |110.0        |44.0         |5.0         
|15           |452.72       |18           |90.0         |44.0         |5.0         
|15           |460.0        |49           |90.0         |42.0         |12.0        
|15           |470.0        |49           |80.0         |42.0         |12.0        
|15           |486.0        |22           |80.0         |40.0         |15.0        
|15           |496.0        |22           |40.0         |40.0         |15.0        
|15           |498.0        |20           |40.0         |42.0         |15.0        
|15           |508.0        |20           |30.0         |42.0         |15.0        
|15           |821.0        |25           |30.0         |35.0         |5.0         
|15           |831.0        |25           |10.0         |35.0         |5.0         
|15           |841.44       |24           |10.0         |38.0         |15.0        
|15           |851.44       |24           |0.0          |38.0         |15.0        
|15           |959.079      |0            |0.0          |40.0         |50.0        
------------------------------------------------------------------------------------
|19           |0.0          |0            |200.0        |40.0         |50.0        
|19           |43.0         |12           |200.0        |8.0          |45.0        
|19           |53.0         |12           |180.0        |8.0          |45.0        
|19           |223.615      |14           |180.0        |5.0          |45.0        
|19           |233.615      |14           |170.0        |5.0          |45.0        
|19           |236.615      |47           |170.0        |2.0          |45.0        
|19           |246.615      |47           |160.0        |2.0          |45.0        
|19           |252.0        |16           |160.0        |0.0          |40.0        
|19           |262.0        |16           |140.0        |0.0          |40.0        
|19           |264.0        |15           |140.0        |2.0          |40.0        
|19           |274.0        |15           |120.0        |2.0          |40.0        
|19           |280.0        |11           |120.0        |8.0          |40.0        
|19           |290.0        |11           |80.0         |8.0          |40.0        
|19           |461.0        |9            |80.0         |10.0         |35.0        
|19           |471.0        |9            |60.0         |10.0         |35.0        
|19           |535.0        |10           |60.0         |10.0         |40.0        
|19           |545.0        |10           |30.0         |10.0         |40.0        
|19           |683.0        |13           |30.0         |5.0          |35.0        
|19           |693.0        |13           |20.0         |5.0          |35.0        
|19           |764.18       |17           |20.0         |0.0          |45.0        
|19           |774.18       |17           |0.0          |0.0          |45.0        
|19           |959.079      |0            |0.0          |40.0         |50.0        
------------------------------------------------------------------------------------
|22           |0.0          |0            |180.0        |40.0         |50.0        
|22           |208.0        |33           |180.0        |85.0         |25.0        
|22           |218.0        |33           |170.0        |85.0         |25.0        
|22           |252.0        |30           |170.0        |88.0         |30.0        
|22           |262.0        |30           |160.0        |88.0         |30.0        
|22           |270.602      |27           |160.0        |95.0         |35.0        
|22           |280.602      |27           |140.0        |95.0         |35.0        
|22           |336.0        |28           |140.0        |92.0         |30.0        
|22           |346.0        |28           |130.0        |92.0         |30.0        
|22           |349.0        |26           |130.0        |95.0         |30.0        
|22           |359.0        |26           |100.0        |95.0         |30.0        
|22           |366.071      |29           |100.0        |90.0         |35.0        
|22           |376.071      |29           |90.0         |90.0         |35.0        
|22           |387.0        |31           |90.0         |88.0         |35.0        
|22           |397.0        |31           |70.0         |88.0         |35.0        
|22           |768.615      |32           |70.0         |87.0         |30.0        
|22           |778.615      |32           |60.0         |87.0         |30.0        
|22           |784.0        |34           |60.0         |85.0         |35.0        
|22           |794.0        |34           |30.0         |85.0         |35.0        
|22           |807.0        |50           |30.0         |72.0         |35.0        
|22           |817.0        |50           |0.0          |72.0         |35.0        
|22           |959.079      |0            |0.0          |40.0         |50.0        
------------------------------------------------------------------------------------
