R101_025
====================================================================================
customer quantity: 25
vehicle quantity: 25
vehicle capacity: 200.0
cost per distance: 1.0
time per distance: 1.0
====================================================================================
feasible: True
solver runtime: 0.24783778190612793
objective function value: 618.3299155462685
MIP gap: 0.0
====================================================================================
|vehicle no.  |time         |node no.     |cargo        |X            |Y           
------------------------------------------------------------------------------------
|0            |0.0          |0            |45.0         |35.0         |35.0        
|0            |67.0         |11           |45.0         |20.0         |65.0        
|0            |77.0         |11           |33.0         |20.0         |65.0        
|0            |84.071       |19           |33.0         |15.0         |60.0        
|0            |94.071       |19           |16.0         |15.0         |60.0        
|0            |124.0        |10           |16.0         |30.0         |60.0        
|0            |134.0        |10           |0.0          |30.0         |60.0        
|0            |225.541      |0            |0.0          |35.0         |35.0        
------------------------------------------------------------------------------------
|5            |0.0          |0            |54.0         |35.0         |35.0        
|5            |63.0         |12           |54.0         |50.0         |35.0        
|5            |73.0         |12           |35.0         |50.0         |35.0        
|5            |98.495       |9            |35.0         |55.0         |60.0        
|5            |108.495      |9            |19.0         |55.0         |60.0        
|5            |126.0        |20           |19.0         |45.0         |65.0        
|5            |136.0        |20           |10.0         |45.0         |65.0        
|5            |162.492      |1            |10.0         |41.0         |49.0        
|5            |172.492      |1            |0.0          |41.0         |49.0        
|5            |225.541      |0            |0.0          |35.0         |35.0        
------------------------------------------------------------------------------------
|8            |0.0          |0            |34.0         |35.0         |35.0        
|8            |50.0         |2            |34.0         |35.0         |17.0        
|8            |60.0         |2            |27.0         |35.0         |17.0        
|8            |70.44        |21           |27.0         |45.0         |20.0        
|8            |80.44        |21           |16.0         |45.0         |20.0        
|8            |116.0        |3            |16.0         |55.0         |45.0        
|8            |126.0        |3            |3.0          |55.0         |45.0        
|8            |153.0        |24           |3.0          |65.0         |35.0        
|8            |163.0        |24           |0.0          |65.0         |35.0        
|8            |193.0        |0            |0.0          |35.0         |35.0        
------------------------------------------------------------------------------------
|13           |0.0          |0            |51.0         |35.0         |35.0        
|13           |32.016       |14           |51.0         |15.0         |10.0        
|13           |42.016       |14           |31.0         |15.0         |10.0        
|13           |61.0         |15           |31.0         |30.0         |5.0         
|13           |71.0         |15           |23.0         |30.0         |5.0         
|13           |159.0        |13           |23.0         |30.0         |25.0        
|13           |169.0        |13           |0.0          |30.0         |25.0        
|13           |180.18       |0            |0.0          |35.0         |35.0        
------------------------------------------------------------------------------------
|21           |0.0          |0            |16.0         |35.0         |35.0        
|21           |81.0         |7            |16.0         |20.0         |50.0        
|21           |91.0         |7            |11.0         |20.0         |50.0        
|21           |103.207      |8            |11.0         |10.0         |43.0        
|21           |113.207      |8            |2.0          |10.0         |43.0        
|21           |157.0        |17           |2.0          |5.0          |30.0        
|21           |167.0        |17           |0.0          |5.0          |30.0        
|21           |225.541      |0            |0.0          |35.0         |35.0        
------------------------------------------------------------------------------------
|22           |0.0          |0            |12.0         |35.0         |35.0        
|22           |97.0         |18           |12.0         |20.0         |40.0        
|22           |107.0        |18           |0.0          |20.0         |40.0        
|22           |225.541      |0            |0.0          |35.0         |35.0        
------------------------------------------------------------------------------------
|23           |0.0          |0            |48.0         |35.0         |35.0        
|23           |34.0         |5            |48.0         |15.0         |30.0        
|23           |44.0         |5            |22.0         |15.0         |30.0        
|23           |75.0         |16           |22.0         |10.0         |20.0        
|23           |85.0         |16           |3.0          |10.0         |20.0        
|23           |103.028      |6            |3.0          |25.0         |30.0        
|23           |113.028      |6            |0.0          |25.0         |30.0        
|23           |225.541      |0            |0.0          |35.0         |35.0        
------------------------------------------------------------------------------------
|24           |0.0          |0            |72.0         |35.0         |35.0        
|24           |68.0         |23           |72.0         |55.0         |5.0         
|24           |78.0         |23           |43.0         |55.0         |5.0         
|24           |97.0         |22           |43.0         |45.0         |10.0        
|24           |107.0        |22           |25.0         |45.0         |10.0        
|24           |149.0        |4            |25.0         |55.0         |20.0        
|24           |159.0        |4            |6.0          |55.0         |20.0        
|24           |182.0        |25           |6.0          |65.0         |20.0        
|24           |192.0        |25           |0.0          |65.0         |20.0        
|24           |225.541      |0            |0.0          |35.0         |35.0        
------------------------------------------------------------------------------------
