R107_050
====================================================================================
customer quantity: 50
vehicle quantity: 25
vehicle capacity: 200.0
cost per distance: 1
time per distance: 1
====================================================================================
feasible: True
solver runtime: 3600.118583202362
objective function value: 713.5011685531537
MIP gap: 0.29715868249598465
====================================================================================
|vehicle no.  |time         |node no.     |cargo        |X            |Y           
------------------------------------------------------------------------------------
|1            |0.0          |0            |103.0        |35.0         |35.0        
|1            |16.971       |50           |103.0        |47.0         |47.0        
|1            |26.971       |50           |90.0         |47.0         |47.0        
|1            |35.217       |3            |90.0         |55.0         |45.0        
|1            |45.217       |3            |77.0         |55.0         |45.0        
|1            |52.497       |33           |77.0         |53.0         |52.0        
|1            |62.497       |33           |66.0         |53.0         |52.0        
|1            |87.0         |9            |66.0         |55.0         |60.0        
|1            |97.0         |9            |50.0         |55.0         |60.0        
|1            |133.0        |35           |50.0         |63.0         |65.0        
|1            |143.0        |35           |42.0         |63.0         |65.0        
|1            |153.198      |34           |42.0         |65.0         |55.0        
|1            |163.198      |34           |28.0         |65.0         |55.0        
|1            |176.236      |29           |28.0         |64.0         |42.0        
|1            |186.236      |29           |19.0         |64.0         |42.0        
|1            |201.889      |12           |19.0         |50.0         |35.0        
|1            |211.889      |12           |0.0          |50.0         |35.0        
|1            |230.0        |0            |0.0          |35.0         |35.0        
------------------------------------------------------------------------------------
|6            |0.0          |0            |63.0         |35.0         |35.0        
|6            |15.811       |18           |63.0         |20.0         |40.0        
|6            |25.811       |18           |51.0         |20.0         |40.0        
|6            |39.954       |45           |51.0         |6.0          |38.0        
|6            |49.954       |45           |35.0         |6.0          |38.0        
|6            |85.0         |8            |35.0         |10.0         |43.0        
|6            |95.0         |8            |26.0         |10.0         |43.0        
|6            |114.849      |6            |26.0         |25.0         |30.0        
|6            |124.849      |6            |23.0         |25.0         |30.0        
|6            |179.0        |13           |23.0         |30.0         |25.0        
|6            |189.0        |13           |0.0          |30.0         |25.0        
|6            |230.0        |0            |0.0          |35.0         |35.0        
------------------------------------------------------------------------------------
|10           |0.0          |0            |109.0        |35.0         |35.0        
|10           |21.213       |37           |109.0        |20.0         |20.0        
|10           |31.213       |37           |101.0        |20.0         |20.0        
|10           |59.0         |44           |101.0        |11.0         |14.0        
|10           |69.0         |44           |83.0         |11.0         |14.0        
|10           |74.657       |14           |83.0         |15.0         |10.0        
|10           |84.657       |14           |63.0         |15.0         |10.0        
|10           |95.837       |38           |63.0         |5.0          |5.0         
|10           |105.837      |38           |47.0         |5.0          |5.0         
|10           |125.82       |16           |47.0         |10.0         |20.0        
|10           |135.82       |16           |28.0         |10.0         |20.0        
|10           |147.0        |17           |28.0         |5.0          |30.0        
|10           |157.0        |17           |26.0         |5.0          |30.0        
|10           |167.0        |5            |26.0         |15.0         |30.0        
|10           |177.0        |5            |0.0          |15.0         |30.0        
|10           |230.0        |0            |0.0          |35.0         |35.0        
------------------------------------------------------------------------------------
|12           |0.0          |0            |36.0         |35.0         |35.0        
|12           |25.495       |42           |36.0         |24.0         |12.0        
|12           |35.495       |42           |31.0         |24.0         |12.0        
|12           |44.55        |43           |31.0         |23.0         |3.0         
|12           |54.55        |43           |24.0         |23.0         |3.0         
|12           |61.831       |15           |24.0         |30.0         |5.0         
|12           |71.831       |15           |16.0         |30.0         |5.0         
|12           |84.831       |2            |16.0         |35.0         |17.0        
|12           |94.831       |2            |9.0          |35.0         |17.0        
|12           |104.265      |40           |9.0          |40.0         |25.0        
|12           |114.265      |40           |0.0          |40.0         |25.0        
|12           |230.0        |0            |0.0          |35.0         |35.0        
------------------------------------------------------------------------------------
|13           |0.0          |0            |139.0        |35.0         |35.0        
|13           |11.18        |26           |139.0        |45.0         |30.0        
|13           |21.18        |26           |122.0        |45.0         |30.0        
|13           |31.18        |21           |122.0        |45.0         |20.0        
|13           |41.18        |21           |111.0        |45.0         |20.0        
|13           |58.18        |39           |111.0        |60.0         |12.0        
|13           |68.18        |39           |80.0         |60.0         |12.0        
|13           |76.783       |23           |80.0         |55.0         |5.0         
|13           |86.783       |23           |51.0         |55.0         |5.0         
|13           |99.936       |41           |51.0         |42.0         |7.0         
|13           |109.936      |41           |46.0         |42.0         |7.0         
|13           |114.178      |22           |46.0         |45.0         |10.0        
|13           |124.178      |22           |28.0         |45.0         |10.0        
|13           |145.0        |4            |28.0         |55.0         |20.0        
|13           |155.0        |4            |9.0          |55.0         |20.0        
|13           |165.0        |25           |9.0          |65.0         |20.0        
|13           |175.0        |25           |3.0          |65.0         |20.0        
|13           |190.0        |24           |3.0          |65.0         |35.0        
|13           |200.0        |24           |0.0          |65.0         |35.0        
|13           |230.0        |0            |0.0          |35.0         |35.0        
------------------------------------------------------------------------------------
|14           |0.0          |0            |138.0        |35.0         |35.0        
|14           |27.0         |27           |138.0        |35.0         |40.0        
|14           |37.0         |27           |122.0        |35.0         |40.0        
|14           |47.817       |1            |122.0        |41.0         |49.0        
|14           |57.817       |1            |112.0        |41.0         |49.0        
|14           |68.862       |30           |112.0        |40.0         |60.0        
|14           |78.862       |30           |91.0         |40.0         |60.0        
|14           |85.933       |20           |91.0         |45.0         |65.0        
|14           |95.933       |20           |82.0         |45.0         |65.0        
|14           |123.704      |32           |82.0         |35.0         |69.0        
|14           |133.704      |32           |59.0         |35.0         |69.0        
|14           |144.0        |10           |59.0         |30.0         |60.0        
|14           |154.0        |10           |43.0         |30.0         |60.0        
|14           |184.972      |31           |43.0         |31.0         |52.0        
|14           |194.972      |31           |16.0         |31.0         |52.0        
|14           |213.0        |28           |16.0         |41.0         |37.0        
|14           |223.0        |28           |0.0          |41.0         |37.0        
|14           |230.0        |0            |0.0          |35.0         |35.0        
------------------------------------------------------------------------------------
|23           |0.0          |0            |133.0        |35.0         |35.0        
|23           |35.468       |46           |133.0        |2.0          |48.0        
|23           |45.468       |46           |132.0        |2.0          |48.0        
|23           |57.468       |36           |132.0        |2.0          |60.0        
|23           |67.468       |36           |127.0        |2.0          |60.0        
|23           |86.15        |11           |127.0        |20.0         |65.0        
|23           |96.15        |11           |115.0        |20.0         |65.0        
|23           |103.221      |19           |115.0        |15.0         |60.0        
|23           |113.221      |19           |98.0         |15.0         |60.0        
|23           |125.262      |49           |98.0         |6.0          |68.0        
|23           |135.262      |49           |68.0         |6.0          |68.0        
|23           |164.317      |47           |68.0         |8.0          |56.0        
|23           |174.317      |47           |41.0         |8.0          |56.0        
|23           |180.72       |48           |41.0         |13.0         |52.0        
|23           |190.72       |48           |5.0          |13.0         |52.0        
|23           |198.0        |7            |5.0          |20.0         |50.0        
|23           |208.0        |7            |0.0          |20.0         |50.0        
|23           |230.0        |0            |0.0          |35.0         |35.0        
------------------------------------------------------------------------------------
