R102_025
====================================================================================
customer quantity: 25
vehicle quantity: 25
vehicle capacity: 200.0
cost per distance: 1.0
time per distance: 1.0
====================================================================================
feasible: True
solver runtime: 1061.0205609798431
objective function value: 548.1078177906317
MIP gap: 9.879556679722698e-05
====================================================================================
|vehicle no.  |time         |node no.     |cargo        |X            |Y           
------------------------------------------------------------------------------------
|0            |0.0          |0            |58.0         |35.0         |35.0        
|0            |18.0         |2            |58.0         |35.0         |17.0        
|0            |28.0         |2            |51.0         |35.0         |17.0        
|0            |71.0         |15           |51.0         |30.0         |5.0         
|0            |81.0         |15           |43.0         |30.0         |5.0         
|0            |97.0         |22           |43.0         |45.0         |10.0        
|0            |107.0        |22           |25.0         |45.0         |10.0        
|0            |149.0        |4            |25.0         |55.0         |20.0        
|0            |159.0        |4            |6.0          |55.0         |20.0        
|0            |172.0        |25           |6.0          |65.0         |20.0        
|0            |182.0        |25           |0.0          |65.0         |20.0        
|0            |230.0        |0            |0.0          |35.0         |35.0        
------------------------------------------------------------------------------------
|5            |0.0          |0            |62.0         |35.0         |35.0        
|5            |18.028       |21           |62.0         |45.0         |20.0        
|5            |28.028       |21           |51.0         |45.0         |20.0        
|5            |78.0         |23           |51.0         |55.0         |5.0         
|5            |88.0         |23           |22.0         |55.0         |5.0         
|5            |153.0        |24           |22.0         |65.0         |35.0        
|5            |163.0        |24           |19.0         |65.0         |35.0        
|5            |178.0        |12           |19.0         |50.0         |35.0        
|5            |188.0        |12           |0.0          |50.0         |35.0        
|5            |230.0        |0            |0.0          |35.0         |35.0        
------------------------------------------------------------------------------------
|7            |0.0          |0            |48.0         |35.0         |35.0        
|7            |22.361       |3            |48.0         |55.0         |45.0        
|7            |32.361       |3            |35.0         |55.0         |45.0        
|7            |97.0         |9            |35.0         |55.0         |60.0        
|7            |107.0        |9            |19.0         |55.0         |60.0        
|7            |136.0        |20           |19.0         |45.0         |65.0        
|7            |146.0        |20           |10.0         |45.0         |65.0        
|7            |204.0        |1            |10.0         |41.0         |49.0        
|7            |214.0        |1            |0.0          |41.0         |49.0        
|7            |230.0        |0            |0.0          |35.0         |35.0        
------------------------------------------------------------------------------------
|9            |0.0          |0            |12.0         |35.0         |35.0        
|9            |87.0         |18           |12.0         |20.0         |40.0        
|9            |97.0         |18           |0.0          |20.0         |40.0        
|9            |230.0        |0            |0.0          |35.0         |35.0        
------------------------------------------------------------------------------------
|10           |0.0          |0            |65.0         |35.0         |35.0        
|10           |42.0         |14           |65.0         |15.0         |10.0        
|10           |52.0         |14           |45.0         |15.0         |10.0        
|10           |75.0         |16           |45.0         |10.0         |20.0        
|10           |85.0         |16           |26.0         |10.0         |20.0        
|10           |109.0        |6            |26.0         |25.0         |30.0        
|10           |119.0        |6            |23.0         |25.0         |30.0        
|10           |159.0        |13           |23.0         |30.0         |25.0        
|10           |169.0        |13           |0.0          |30.0         |25.0        
|10           |230.0        |0            |0.0          |35.0         |35.0        
------------------------------------------------------------------------------------
|19           |0.0          |0            |50.0         |35.0         |35.0        
|19           |21.213       |7            |50.0         |20.0         |50.0        
|19           |31.213       |7            |45.0         |20.0         |50.0        
|19           |68.929       |11           |45.0         |20.0         |65.0        
|19           |78.929       |11           |33.0         |20.0         |65.0        
|19           |86.0         |19           |33.0         |15.0         |60.0        
|19           |96.0         |19           |16.0         |15.0         |60.0        
|19           |124.0        |10           |16.0         |30.0         |60.0        
|19           |134.0        |10           |0.0          |30.0         |60.0        
|19           |230.0        |0            |0.0          |35.0         |35.0        
------------------------------------------------------------------------------------
|21           |0.0          |0            |37.0         |35.0         |35.0        
|21           |95.0         |8            |37.0         |10.0         |43.0        
|21           |105.0        |8            |28.0         |10.0         |43.0        
|21           |157.0        |17           |28.0         |5.0          |30.0        
|21           |167.0        |17           |26.0         |5.0          |30.0        
|21           |177.0        |5            |26.0         |15.0         |30.0        
|21           |187.0        |5            |0.0          |15.0         |30.0        
|21           |230.0        |0            |0.0          |35.0         |35.0        
------------------------------------------------------------------------------------
